기간	자치구	주택종류별	합계	2019년	2018년	2017년	2016년	2015년	2014년	2013년	2012년	2011년	2010년	2005~2009년	2000~2004년	1990~1999년	1980~1989년	1979년 이전
2019	서울시	계	2,953,964	65,363	73,312	68,328	86,910	71,212	81,695	62,927	67,665	68,145	50,248	299,124	592,177	806,133	400,831	159,894
2019	서울시	단독주택	315,566	1,100	2,213	2,468	2,113	1,409	1,200	1,060	1,306	1,275	1,429	5,546	13,148	120,780	64,888	95,631
2019	서울시	아파트	1,720,691	36,688	39,870	27,043	32,944	28,612	46,126	28,608	28,191	41,252	33,900	236,499	372,084	475,867	243,335	49,672
2019	서울시	연립주택	110,968	820	555	432	977	732	911	1,102	1,192	659	376	3,401	10,553	50,349	34,501	4,408
2019	서울시	다세대주택	777,205	26,454	30,138	38,038	50,525	40,193	33,211	31,943	36,665	24,524	14,192	52,480	193,787	149,259	50,035	5,761
2019	서울시	비거주용 건물내 주택	29,534	301	536	347	351	266	247	214	311	435	351	1,198	2,605	9,878	8,072	4,422
2019	종로구	계	46,440	625	240	2,892	303	474	548	792	353	257	222	4,503	9,081	13,446	4,515	8,189
2019	종로구	단독주택	12,421	44	64	65	49	59	48	42	48	50	43	336	548	2,523	1,751	6,751
2019	종로구	아파트	15,290	263	X	2,587	X	167	286	485	112	118	X	3,020	3,443	3,596	262	951
2019	종로구	연립주택	5,459	72	X	X	15	7	43	48	54	X	X	115	978	2,299	1,799	29
2019	종로구	다세대주택	12,349	234	159	227	229	233	164	204	133	76	172	988	4,046	4,750	522	212
2019	종로구	비거주용 건물내 주택	921	12	17	13	10	8	7	13	6	13	7	44	66	278	181	246
2019	중구	계	41,754	1,261	719	818	1,082	434	904	470	884	2,605	1,041	4,060	10,826	9,381	2,033	5,236
2019	중구	단독주택	6,035	9	9	14	18	27	21	12	10	13	12	89	266	1,560	735	3,240
2019	중구	아파트	25,823	922	534	519	863	12	643	117	609	2,516	992	3,544	7,825	4,867	265	1,595
2019	중구	연립주택	1,940	X	X	X	X	X	52	10	X	X	X	21	465	997	307	88
2019	중구	다세대주택	7,095	321	171	280	187	383	181	324	258	64	29	384	2,190	1,712	570	41
2019	중구	비거주용 건물내 주택	861	9	5	5	14	12	7	7	7	12	8	22	80	245	156	272
2019	용산구	계	72,463	1,103	816	1,391	671	1,197	1,053	1,041	779	2,777	923	7,999	13,995	17,037	7,673	14,008
2019	용산구	단독주택	14,487	9	22	33	28	42	29	19	22	15	18	285	451	4,084	2,633	6,797
2019	용산구	아파트	36,181	498	302	626	68	699	622	377	278	2,466	712	4,747	9,352	7,013	2,605	5,816
2019	용산구	연립주택	3,959	5	29	38	X	X	X	105	40	95	10	350	801	1,691	481	314
2019	용산구	다세대주택	17,107	584	454	686	565	447	393	536	439	199	181	2,598	3,359	4,079	1,785	802
2019	용산구	비거주용 건물내 주택	729	7	9	8	10	9	9	X	X	X	X	19	32	170	169	279
2019	성동구	계	91,037	1,677	2,258	1,964	6,529	1,998	2,073	882	4,705	1,333	168	6,367	24,667	22,841	9,004	4,571
2019	성동구	단독주택	10,782	25	27	31	15	21	28	18	14	9	15	82	251	4,469	2,125	3,652
2019	성동구	아파트	67,058	1,405	1,925	1,490	5,895	1,632	1,847	500	4,175	1,113	86	5,168	22,407	14,212	4,806	397
2019	성동구	연립주택	2,021	X	X	8	X	X	X	X	X	X	X	179	80	424	1,133	197
2019	성동구	다세대주택	10,095	238	297	423	613	342	193	363	505	204	65	918	1,856	3,385	628	65
2019	성동구	비거주용 건물내 주택	1,081	9	9	12	6	X	5	X	11	7	X	20	73	351	312	260
2019	광진구	계	89,132	2,138	2,895	3,131	3,763	3,244	2,332	1,794	2,827	1,278	1,117	7,273	15,227	27,137	10,783	4,193
2019	광진구	단독주택	15,786	33	98	128	166	128	130	121	176	161	129	299	783	7,087	3,366	2,981
2019	광진구	아파트	32,089	263	1,163	679	44	202	429	29	590	64	139	4,238	4,981	13,782	4,784	702
2019	광진구	연립주택	4,068	X	X	X	X	18	X	34	25	X	62	133	439	1,862	1,194	295
2019	광진구	다세대주택	35,697	1,837	1,617	2,307	3,530	2,875	1,754	1,598	2,016	1,037	766	2,561	8,936	3,886	965	12
2019	광진구	비거주용 건물내 주택	1,492	5	17	14	23	21	16	12	20	16	21	42	88	520	474	203
2019	동대문구	계	104,821	4,722	3,339	2,015	2,838	2,407	6,715	2,530	2,372	2,712	1,207	10,214	27,687	17,536	8,687	9,840
2019	동대문구	단독주택	18,990	37	103	99	96	77	66	47	64	50	76	230	525	6,638	3,165	7,717
2019	동대문구	아파트	64,081	3,413	1,703	553	1,185	934	5,515	1,517	1,632	2,276	936	9,047	24,113	7,205	2,469	1,583
2019	동대문구	연립주택	3,280	152	89	20	85	30	113	20	X	X	X	154	491	586	1,459	81
2019	동대문구	다세대주택	16,834	1,109	1,412	1,328	1,457	1,347	1,003	933	658	353	177	728	2,451	2,640	1,068	170
2019	동대문구	비거주용 건물내 주택	1,636	11	32	15	15	19	18	13	18	33	18	55	107	467	526	289
2019	중랑구	계	107,997	2,508	2,735	3,161	4,336	3,749	3,785	4,627	2,915	1,323	2,583	6,603	14,617	41,283	8,650	5,122
2019	중랑구	단독주택	18,891	104	172	182	139	116	126	128	116	92	93	214	693	9,254	3,365	4,097
2019	중랑구	아파트	52,162	541	473	769	298	694	1,541	3,171	791	60	1,956	4,569	8,250	26,748	2,111	190
2019	중랑구	연립주택	4,440	137	24	X	24	102	X	20	28	87	X	6	122	1,697	1,670	523
2019	중랑구	다세대주택	30,958	1,705	2,022	2,186	3,859	2,821	2,109	1,298	1,969	1,074	521	1,776	5,467	2,994	1,038	119
2019	중랑구	비거주용 건물내 주택	1,546	21	44	24	16	16	9	10	11	10	13	38	85	590	466	193
2019	성북구	계	136,437	7,075	2,046	3,482	2,597	2,127	1,792	2,196	1,833	2,623	5,484	25,612	23,934	36,841	6,144	12,651
2019	성북구	단독주택	23,156	125	143	141	88	69	52	46	64	49	91	323	804	7,465	2,871	10,825
2019	성북구	아파트	77,457	5,231	98	1,785	540	530	490	911	633	2,024	4,913	23,373	16,007	19,161	931	830
2019	성북구	연립주택	6,044	X	X	X	18	60	62	X	16	X	89	121	515	3,535	1,047	581
2019	성북구	다세대주택	28,315	1,701	1,778	1,538	1,927	1,456	1,173	1,222	1,097	519	360	1,724	6,451	6,247	993	129
2019	성북구	비거주용 건물내 주택	1,465	18	27	18	24	12	15	17	23	31	31	71	157	433	302	286
2019	강북구	계	97,070	1,866	1,117	2,344	2,666	2,007	2,105	2,216	1,275	2,448	3,731	5,708	22,100	31,832	8,062	7,593
2019	강북구	단독주택	18,017	36	146	174	130	54	35	38	45	45	65	224	462	7,191	2,520	6,852
2019	강북구	아파트	34,590	1,052	72	643	140	97	488	109	64	1,392	3,040	2,315	13,886	11,262	X	30
2019	강북구	연립주택	4,748	X	X	21	73	228	39	X	X	X	X	250	497	1,860	1,506	274
2019	강북구	다세대주택	38,645	768	876	1,492	2,319	1,623	1,537	2,064	1,159	996	613	2,884	7,199	11,167	3,707	241
2019	강북구	비거주용 건물내 주택	1,070	10	23	14	X	5	6	5	7	15	13	35	56	352	329	196
2019	도봉구	계	106,641	914	1,125	1,147	2,084	1,482	1,974	1,231	1,704	737	614	4,245	19,905	45,860	21,161	2,458
2019	도봉구	단독주택	8,835	18	47	58	38	22	23	19	32	24	52	100	346	4,055	1,785	2,216
2019	도봉구	아파트	64,955	195	313	42	178	35	434	328	23	36	98	2,230	13,619	30,915	16,509	X
2019	도봉구	연립주택	4,131	X	X	X	172	X	X	X	39	X	X	395	169	1,944	1,305	107
2019	도봉구	다세대주택	27,986	696	753	1,040	1,690	1,418	1,515	879	1,601	672	456	1,501	5,725	8,650	1,317	73
2019	도봉구	비거주용 건물내 주택	734	5	12	7	6	7	X	5	9	5	8	19	46	296	245	62
2019	노원구	계	187,376	605	986	954	2,134	516	1,230	1,391	1,278	667	197	7,069	23,442	82,682	61,223	3,002
2019	노원구	단독주택	6,680	13	24	117	105	64	44	52	49	49	51	151	326	2,145	949	2,541
2019	노원구	아파트	161,873	193	573	504	1,451	X	546	164	195	40	X	6,046	19,390	73,863	58,713	195
2019	노원구	연립주택	3,440	X	53	20	48	X	56	73	X	64	X	113	485	1,864	620	44
2019	노원구	다세대주택	14,684	395	322	304	519	448	581	1,099	1,028	501	135	728	3,154	4,550	739	181
2019	노원구	비거주용 건물내 주택	699	X	14	9	11	X	X	X	6	13	11	31	87	260	202	41
2019	은평구	계	148,557	6,540	4,231	4,508	4,166	5,644	3,839	2,739	4,413	8,215	9,139	18,885	28,044	30,767	11,472	5,955
2019	은평구	단독주택	15,146	51	125	111	70	48	27	44	39	46	95	351	558	5,787	2,829	4,965
2019	은평구	아파트	57,712	5,174	2,062	749	238	1,893	558	890	1,060	5,113	7,156	13,362	10,901	5,585	2,808	163
2019	은평구	연립주택	5,914	23	8	249	27	29	14	X	X	15	X	139	442	3,562	1,148	258
2019	은평구	다세대주택	68,514	1,286	2,024	3,387	3,825	3,669	3,232	1,798	3,299	3,022	1,864	4,984	16,048	15,374	4,320	382
2019	은평구	비거주용 건물내 주택	1,271	6	12	12	6	5	8	7	15	19	24	49	95	459	367	187
2019	서대문구	계	97,616	794	5,318	1,833	1,577	6,442	2,024	1,714	4,793	1,654	931	6,745	18,313	28,699	8,737	8,042
2019	서대문구	단독주택	12,958	33	64	68	78	38	40	30	37	51	49	152	480	4,279	2,156	5,403
2019	서대문구	아파트	50,747	X	4,446	869	314	5,323	455	248	3,588	716	538	4,566	10,341	15,313	2,684	1,346
2019	서대문구	연립주택	5,477	X	X	X	X	X	27	59	54	X	32	244	959	2,398	1,351	349
2019	서대문구	다세대주택	27,489	751	788	893	1,176	1,074	1,494	1,374	1,106	868	301	1,759	6,481	6,400	2,330	694
2019	서대문구	비거주용 건물내 주택	945	10	16	X	9	7	8	X	8	19	11	24	52	309	216	250
2019	마포구	계	119,298	1,868	1,380	1,820	3,421	3,576	6,823	2,045	3,015	3,395	4,872	14,507	27,892	28,565	10,780	5,339
2019	마포구	단독주택	11,854	42	60	78	59	57	58	31	30	53	49	285	689	4,984	1,474	3,905
2019	마포구	아파트	68,111	1,076	594	543	2,053	2,390	5,605	274	796	1,631	3,778	10,786	19,614	13,872	4,699	400
2019	마포구	연립주택	3,165	X	X	X	99	24	X	27	69	25	X	67	158	1,464	951	281
2019	마포구	다세대주택	34,577	716	681	1,161	1,164	1,084	1,143	1,695	2,094	1,666	1,034	3,305	7,272	7,623	3,376	563
2019	마포구	비거주용 건물내 주택	1,591	34	45	38	46	21	17	18	26	20	11	64	159	622	280	190
2019	양천구	계	139,938	2,174	1,511	1,483	4,170	2,254	2,887	1,484	2,375	4,725	1,695	10,707	31,859	29,688	41,601	1,325
2019	양천구	단독주택	7,818	12	33	33	18	24	13	20	24	41	27	133	310	3,893	2,129	1,108
2019	양천구	아파트	87,387	1,332	184	125	1,735	597	1,168	191	552	3,100	721	7,938	22,814	16,210	30,720	X
2019	양천구	연립주택	4,144	X	24	38	20	23	115	113	65	16	22	72	118	1,591	1,850	77
2019	양천구	다세대주택	39,730	828	1,259	1,282	2,388	1,609	1,585	1,156	1,731	1,552	920	2,532	8,535	7,700	6,586	67
2019	양천구	비거주용 건물내 주택	859	X	11	5	9	X	6	X	X	16	5	32	82	294	316	73
2019	강서구	계	193,551	3,134	3,158	5,131	6,295	6,350	9,913	3,789	4,205	2,883	2,355	24,507	40,031	70,557	8,860	2,383
2019	강서구	단독주택	10,456	53	72	62	43	34	24	23	32	62	72	252	716	4,462	2,655	1,894
2019	강서구	아파트	113,076	1,201	689	2,160	2,157	3,074	7,295	1,862	956	330	469	19,053	17,766	54,102	1,734	228
2019	강서구	연립주택	4,853	22	95	X	X	X	141	98	103	20	X	218	177	1,856	2,047	76
2019	강서구	다세대주택	64,018	1,853	2,295	2,903	4,090	3,241	2,438	1,803	3,109	2,457	1,807	4,936	21,272	9,656	2,112	46
2019	강서구	비거주용 건물내 주택	1,148	5	7	6	5	X	15	X	5	14	7	48	100	481	312	139
2019	구로구	계	129,693	4,937	3,568	2,416	2,333	2,214	3,869	2,186	2,255	5,788	1,859	8,777	28,465	37,350	19,115	4,561
2019	구로구	단독주택	11,692	48	56	35	27	14	15	10	25	11	13	93	272	5,015	3,193	2,865
2019	구로구	아파트	81,131	3,698	1,910	693	270	702	2,596	935	822	4,700	1,437	7,348	21,280	24,290	9,808	642
2019	구로구	연립주택	7,399	56	28	X	117	48	29	103	111	32	100	69	296	1,641	4,572	197
2019	구로구	다세대주택	28,622	1,127	1,562	1,679	1,910	1,444	1,225	1,134	1,286	1,036	302	1,230	6,566	6,165	1,264	692
2019	구로구	비거주용 건물내 주택	849	8	12	9	9	6	X	X	11	9	7	37	51	239	278	165
2019	금천구	계	67,012	1,665	3,112	2,573	3,899	1,367	3,994	1,463	1,567	874	314	2,188	16,982	14,733	10,006	2,275
2019	금천구	단독주택	9,011	35	59	77	41	25	27	24	18	13	25	76	198	3,103	3,513	1,777
2019	금천구	아파트	30,996	71	1,551	292	1,792	X	2,117	317	240	246	X	1,072	11,636	8,104	3,479	79
2019	금천구	연립주택	3,913	29	44	X	30	37	26	28	25	X	12	8	352	1,123	2,164	35
2019	금천구	다세대주택	22,548	1,520	1,445	2,195	2,031	1,296	1,819	1,093	1,274	603	266	1,000	4,766	2,288	692	260
2019	금천구	비거주용 건물내 주택	544	10	13	9	5	9	5	X	10	12	11	32	30	115	158	124
2019	영등포구	계	101,603	1,526	1,728	5,084	1,677	2,743	2,253	2,357	1,999	1,070	994	6,265	19,658	26,720	14,557	12,972
2019	영등포구	단독주택	14,378	39	117	134	108	71	50	39	61	54	44	122	343	6,073	3,369	3,754
2019	영등포구	아파트	69,946	689	560	3,771	370	1,345	1,669	1,475	1,199	363	602	5,342	16,350	18,179	9,461	8,571
2019	영등포구	연립주택	1,502	28	X	X	X	X	X	52	36	X	17	36	199	282	650	202
2019	영등포구	다세대주택	14,595	754	1,022	1,157	1,188	1,310	521	784	687	623	313	734	2,729	1,906	722	145
2019	영등포구	비거주용 건물내 주택	1,182	16	29	22	11	17	13	7	16	30	18	31	37	280	355	300
2019	동작구	계	115,075	840	4,513	1,818	3,927	2,501	2,305	3,819	5,785	2,628	2,332	8,700	24,753	36,196	9,871	5,087
2019	동작구	단독주택	14,661	79	218	185	140	87	77	75	93	103	122	327	525	5,352	2,905	4,373
2019	동작구	아파트	61,596	22	3,285	74	1,665	299	312	2,014	3,876	1,706	1,791	5,597	16,190	21,150	3,436	179
2019	동작구	연립주택	5,161	49	56	X	X	19	X	X	82	16	X	231	636	2,946	906	220
2019	동작구	다세대주택	32,557	678	920	1,545	2,112	2,082	1,901	1,721	1,711	775	399	2,490	7,313	6,429	2,396	85
2019	동작구	비거주용 건물내 주택	1,100	12	34	14	10	14	15	9	23	28	20	55	89	319	228	230
2019	관악구	계	126,526	1,893	2,031	2,310	3,267	2,972	3,221	3,036	2,912	1,120	1,051	13,896	34,521	37,585	9,999	6,712
2019	관악구	단독주택	21,510	135	383	424	351	217	168	146	195	171	187	911	1,189	8,211	3,678	5,144
2019	관악구	아파트	54,355	747	171	68	445	328	797	850	870	170	505	11,085	23,273	12,538	1,847	661
2019	관악구	연립주택	6,438	24	X	X	31	80	32	98	12	X	7	100	517	4,055	1,424	58
2019	관악구	다세대주택	42,253	962	1,398	1,793	2,410	2,330	2,209	1,912	1,795	709	280	1,624	9,225	12,264	2,729	613
2019	관악구	비거주용 건물내 주택	1,970	25	79	25	30	17	15	30	40	70	72	176	317	517	321	236
2019	서초구	계	131,777	1,741	5,127	2,753	5,117	3,258	4,733	6,311	3,365	2,315	2,634	16,803	25,339	22,018	19,555	10,708
2019	서초구	단독주택	6,331	30	50	49	47	28	27	19	35	28	26	179	468	2,237	1,931	1,177
2019	서초구	아파트	92,106	814	3,900	1,149	2,911	1,866	3,730	5,131	2,004	1,193	2,184	14,983	17,783	11,587	13,551	9,320
2019	서초구	연립주택	5,489	60	16	10	X	19	32	28	38	139	10	85	225	3,232	1,517	74
2019	서초구	다세대주택	26,531	825	1,145	1,533	2,136	1,328	934	1,123	1,279	943	408	1,513	6,684	4,440	2,175	65
2019	서초구	비거주용 건물내 주택	1,320	12	16	12	19	17	10	10	9	12	6	43	179	522	381	72
2019	강남구	계	170,444	3,937	2,667	1,965	3,215	4,810	6,842	4,691	3,260	4,080	1,123	19,102	33,311	40,731	31,864	8,846
2019	강남구	단독주택	7,196	28	41	92	187	47	32	19	29	34	29	115	1,148	3,261	1,767	367
2019	강남구	아파트	122,664	2,827	1,506	499	1,040	3,858	6,192	2,793	1,561	3,081	515	17,474	16,301	30,689	25,902	8,426
2019	강남구	연립주택	5,919	16	12	8	199	8	74	98	278	46	X	132	1,160	2,457	1,422	9
2019	강남구	다세대주택	32,872	1,041	1,074	1,336	1,758	877	519	1,762	1,377	907	566	1,262	14,406	3,548	2,422	17
2019	강남구	비거주용 건물내 주택	1,793	25	34	30	31	20	25	19	15	12	13	119	296	776	351	27
2019	송파구	계	208,692	2,648	13,554	7,731	6,480	4,088	2,330	5,873	4,054	4,642	1,835	41,025	34,780	35,448	36,352	7,852
2019	송파구	단독주택	8,255	14	16	25	31	16	8	12	14	10	13	66	400	3,684	3,513	433
2019	송파구	아파트	125,800	296	10,859	4,547	2,858	1,280	92	3,349	812	2,065	288	34,893	9,681	19,380	28,032	7,368
2019	송파구	연립주택	4,899	147	39	17	15	X	24	77	117	104	X	70	198	3,101	978	12
2019	송파구	다세대주택	68,133	2,181	2,635	3,128	3,563	2,783	2,205	2,430	3,108	2,454	1,532	5,948	24,357	8,630	3,169	10
2019	송파구	비거주용 건물내 주택	1,605	10	5	14	13	9	X	5	X	9	X	48	144	653	660	29
2019	강동구	계	123,014	7,172	3,138	3,604	8,363	3,358	2,151	2,250	2,742	5,996	1,827	17,364	22,748	21,200	20,127	974
2019	강동구	단독주택	10,220	48	64	53	41	24	32	26	34	41	33	151	397	3,968	4,511	797
2019	강동구	아파트	73,505	4,765	997	1,307	4,434	655	699	571	753	4,733	1,044	14,703	14,881	12,244	11,719	X
2019	강동구	연립주택	3,165	X	34	X	X	X	29	11	X	X	15	93	74	1,882	1,000	27
2019	강동구	다세대주택	35,001	2,344	2,029	2,235	3,879	2,673	1,383	1,638	1,946	1,214	725	2,373	7,299	2,776	2,410	77
2019	강동구	비거주용 건물내 주택	1,123	15	14	9	9	6	8	X	9	8	10	44	97	330	487	73